Python 3.10.0a4 (tags/v3.10.0a4:445f7f5, Jan  4 2021, 19:55:53) [MSC v.1928 64 bit (AMD64)] on win32
Type "help", "copyright", "credits" or "license()" for more information.
>>> 
= RESTART: C:\Users\Romeo&Rudo\Desktop\Programming Assignment Unit 5 Part 2.py =
a   mysqrt(a)     math.sqrt(a)  diff
-     ---------    --------   ----
1.0 1.000000        1.000000      0.0
2.0 1.414214        1.414214      2.220446049250313e-16
3.0 1.732051        1.732051      0.0
4.0 2.000000        2.000000      0.0
5.0 2.236068        2.236068      0.0
6.0 2.449490        2.449490      0.0
7.0 2.645751        2.645751      0.0
8.0 2.828427        2.828427      4.440892098500626e-16
9.0 3.000000        3.000000      0.0
10.0 3.162278        3.162278      4.440892098500626e-16
11.0 3.316625        3.316625      0.0
12.0 3.464102        3.464102      0.0
13.0 3.605551        3.605551      4.440892098500626e-16
14.0 3.741657        3.741657      0.0
15.0 3.872983        3.872983      0.0
16.0 4.000000        4.000000      0.0
17.0 4.123106        4.123106      0.0
18.0 4.242641        4.242641      8.881784197001252e-16
19.0 4.358899        4.358899      8.881784197001252e-16
20.0 4.472136        4.472136      0.0
21.0 4.582576        4.582576      0.0
22.0 4.690416        4.690416      0.0
23.0 4.795832        4.795832      0.0
24.0 4.898979        4.898979      0.0
25.0 5.000000        5.000000      0.0
>>> 